2842 367 2913 3491 3107 1712 3536 3706 2146 3047 1418 2611 1295 917 1396 2966 3542
2430 620 501 3630 1778 3393 415 3253 3778 3563 919 2540 260 62 433 3837 2875 1797
3207 2737 3455 3163 2586 48 1156 475 2739 3662 1364 133 931 2642 3638 665 1153
2216 2126 2101 288 1829 2395 671 1408 2721 930 1304 3551 2524 615 3186 1977 1802
3293 3150 238 3664 1516 2758 3505 1660 1227 278 312 1447 1417 578 2181 2859 3196
1592 3971 2503 2514 468 2416 390 3980 3698 2817 3976 1102 3348 2142 3190 2698 2378
2640 2453 809 747 3719 794 2361 1975 2459 656 2891 1772 1853 1986 1691 558 3936
446 633 2908 3992 73 3533 2009 1032 1392 1701 221 2943 184 2014 2048 2625 2080
3843 2042 3391 1874 3155 400 1117 1969 3012 1425 1542 1094 3824 3873 798 1653 3699
3409 2898 1209 3657 1575 2836 2082 1937 3346 886 1404 3569 1603 1880 3500 2408
2899 2326 3743 2476 1695 391 1675 2246 449 1983 3829 2728 3076 3696 29 3099 3077
2650 1353 742 2953 33 3596 1108 3654 1163 2264 2470 2283 801 646 1656 1029 955
2193 459 3772 2808 1486 3810 635 2995 3819 3005 1971 869 2472 1622 1261 1940 1183
1754 2240 3834 3770 405 3651 2137 1789 1890 1545 66 807 1208 2062 2806 1378 1964
654 584 1697 672 1434 2759 1517 1289 445 1684 1223 3708 3396 2027 3447 2420 2499
851 2440 2715 709 1634 1000 2199 2306 3199 2684 3306 3554 2456 1041 1195 3510 3151
268 1386 2958 434 1759 1652 3054 9 1611 3565 1323 1912 1009 3486 3162 454 858 1743
816 3550 3677 3687 2542 1196 1002 2110 1474 520 3488 3806 588 1560 32 1809 1871
3226 2863 185 1791 3349 98 1694 2030 712 3631 500 829 85 3693 3004 773 1873 245
622 2192 1358 2159 3950 373 2526 3869 70 1991 2820 1629 3023 2150 3437 2862 3886
2959 2236 2627 2917 91 2260 855 3043 885 2717 2390 3769 1344 3641 1565 1613 2628
522 503 602 3180 3483 3042 1384 2538 1716 3786 695 240 593 2688 3055 297 2478 2158
605 3595 3989 2707 3336 513 2560 918 1028 2613 3063 2619 3898 2007 3158 3038 2209
2364 2776 979 3295 1624 285 3747 1452 2176 2477 1955 795 3434 2691 3269 3582 3420
980 3775 1907 3691 3815 1273 2368 3645 877 30 2294 3307 1863 269 820 2575 3613
1915 1450 3571 3847 3912 3506 705 2446 1061 1707 2973 3485 1394 2321 2092 384 1287
3835 2295 2021 1275 2371 440 3713 1225 3239 2595 2112 18 2396 3031 191 1588 429
1422 2342 2232 2734 3740 2933 54 3960 888 3456 1681 2974 1134 1988 1699 951 2349
1139 2969 117 1993 3539 1185 3337 3475 95 2949 2710 2328 2253, 478 1783 836 63°
2388 196 783 3169 3634 3484 2709 2536 2143 273 1115 538 2606 2120 1756 2780 101
1719 1883 1925 270 1840 3781 3188 2428 2053 3164 1176 385 2404 157 2985 701 1538
895 961 2358 1269 432 1297 2357 974 1177 542 2965 991 2322 664 1834 726 1722 1800
129 2916 38 2726 1661 2678 3937 1067 1666 1742 1114 1734 3490 3050 3234 41 761
2162 3991 1690 3165 3303 3568 2666 1194 526 2993 3069 286 1917 398 3402 3686 3001
3278 3656 1416 300 1460 430 3427 1839 2287 989 1349 1277 549 3430 1293 1475 3065
970 115 3106 207 1518 2792 204 1941 2147 1179 2804 2733 1493 1683 3195 2376 1884
3892 3973 850 158 2654 3665 840 2825 2363 2781 786 2180 3361 772 1234 3246 261
3594 2578 1930 1399 569 3620 1024 2034 1635 1235 1371 3738 3140 2782 16 1715 3646
1488 2006 972 3777 416 3291 662 1241 2638 1644 3602 2729 3309 889 507 1187 1639
3787 735 1007 1456 3627 3499 1268 3002 187 827 1616 3572 683 413 1363 2505 971 543
1556 2275 1483 3115 208 233 551 1726 1904 2658 3621 755 2443 3495 1910 790 2610
3688 1400 1100 3041 1022 3375 2744 3468 2646 1788 120 1555 3748 1927 2424 1467 805
2597 977 3856 3473 2017 777 590 2547 2097 3592 1146 2601 3360 2046 2624 341 2230
3457 2299 1966 2500 740 3074 2631 915 2797 1619 201 806 3117 813 1765 3281 752
2341 1068 299 72 2779 128 47 2775 1989 721 1226 3288 988 3965 3426 1760 386 1636
1356 771 2612 2556 3412 42 419 3513 1625 3830 3757 1309 3354 1165 3897 860 1294
294 3356 2115 2327 3949 1282 1881 1785 2297 1919 1062 2497 3252 847 1872 3008 1626
1136 1101 3853 2730 3094 1320 2091 3802 3399 1446 2035 649 2113 1433 3095 756 1522
2481 1158 75 953 2711 3061 3546 912 1605 346 3958 2466 327 2471 1585 2392 3446
2013 1688 519 1899 3913 3101 3390 1519 607 2310 3618 1168 2241 2939 123 663 678
1818 335 3060 169 2766 2724 2504 2362 2636 1038 1082 1012 828 2860 2708 394 3860
2492 2909 941 2566 3280 264 3009 3721 3339 3040 3018 764 1472 3305 3611 5 1909
2238 2099 1547 427 2433 1224 729 1436 2558 206 1132 3850 3125 868 3580 796 3492
587 2731 57 2314 1440 3966 3208 554 1375 2078 3899 2970 1451 3173 956 3779 810 962
1351 71 1745 899 992 3068 2869 2011 3943 3560 3909 1290 2845 243 1923 997 716 2094
1385 1769 878 2633 2182 2244 2157 1777 1089 2926 1808 2038 3079 380 2895 1700 1347
3432 1713 296 3110 2448 3783 3237 3322 3867 2452 1397 1489 3021 2977 2485 1553
2855 235 2596 3481 1962 567 1960 2520 3578 511 3734 3344 2921 693 3371 378 2060
2274 1045 2713 3480 2971 750 2852 637 3126 1933 2410 426 589 148 2655 2265 1849
1097 3682 1801 3690 2243 2258 244 3957 753 2334 1628 2647 3111 3298 625 376 107 42

  
